-8.181818181818181e-01 1.003454811237442e-01 -6.100273752370574e-02 1.525068438092643e-02 -6.778081947078415e-03 3.812671095231609e-03 -2.440109500948230e-03 1.694520486769604e-03 -1.244953827014403e-03 9.531677738079022e-04 -7.531202163420461e-04 
-6.363636363636364e-01 -6.100273752370574e-02 1.003454811237442e-01 -6.100273752370574e-02 1.525068438092643e-02 -6.778081947078415e-03 3.812671095231609e-03 -2.440109500948230e-03 1.694520486769604e-03 -1.244953827014403e-03 9.531677738079022e-04 
-4.545454545454546e-01 1.525068438092643e-02 -6.100273752370574e-02 1.003454811237442e-01 -6.100273752370574e-02 1.525068438092643e-02 -6.778081947078415e-03 3.812671095231609e-03 -2.440109500948230e-03 1.694520486769604e-03 -1.244953827014403e-03 
-2.727272727272727e-01 -6.778081947078415e-03 1.525068438092643e-02 -6.100273752370574e-02 1.003454811237442e-01 -6.100273752370574e-02 1.525068438092643e-02 -6.778081947078415e-03 3.812671095231609e-03 -2.440109500948230e-03 1.694520486769604e-03 
-9.090909090909083e-02 3.812671095231609e-03 -6.778081947078415e-03 1.525068438092643e-02 -6.100273752370574e-02 1.003454811237442e-01 -6.100273752370574e-02 1.525068438092643e-02 -6.778081947078415e-03 3.812671095231609e-03 -2.440109500948230e-03 
9.090909090909083e-02 -2.440109500948230e-03 3.812671095231609e-03 -6.778081947078415e-03 1.525068438092643e-02 -6.100273752370574e-02 1.003454811237442e-01 -6.100273752370574e-02 1.525068438092643e-02 -6.778081947078415e-03 3.812671095231609e-03 
2.727272727272727e-01 1.694520486769604e-03 -2.440109500948230e-03 3.812671095231609e-03 -6.778081947078415e-03 1.525068438092643e-02 -6.100273752370574e-02 1.003454811237442e-01 -6.100273752370574e-02 1.525068438092643e-02 -6.778081947078415e-03 
4.545454545454546e-01 -1.244953827014403e-03 1.694520486769604e-03 -2.440109500948230e-03 3.812671095231609e-03 -6.778081947078415e-03 1.525068438092643e-02 -6.100273752370574e-02 1.003454811237442e-01 -6.100273752370574e-02 1.525068438092643e-02 
6.363636363636365e-01 9.531677738079022e-04 -1.244953827014403e-03 1.694520486769604e-03 -2.440109500948230e-03 3.812671095231609e-03 -6.778081947078415e-03 1.525068438092643e-02 -6.100273752370574e-02 1.003454811237442e-01 -6.100273752370574e-02 
8.181818181818183e-01 -7.531202163420461e-04 9.531677738079022e-04 -1.244953827014403e-03 1.694520486769604e-03 -2.440109500948230e-03 3.812671095231609e-03 -6.778081947078415e-03 1.525068438092643e-02 -6.100273752370574e-02 1.003454811237442e-01 
